1545967
1545968
1545969
184202719
18699038
18699039
18699040
18699041
18699042
189182604
189182608
189182609
189182610
189182611
189182614
189182615
189182616
189182617
189182619
189182620
189182621
189182639
189182645
189182648
189182649
189182650
189182654
189182655
199584223
209975919
209975927
209975928
209975929
209975930
209975931
209975932
209975933
209975934
209975935
209975936
209975937
209975938
209975939
209975940
209975941
209975942
209975943
209975944
22901827
22901828
23307632
255653876
255653879
257792853
259595141
259595142
259595143
259595144
259595145
259595146
259595147
259595148
259595149
259595150
259595151
259595152
259595153
259595154
259595155
259595156
259595157
259595158
259595159
259595160
259595161
259595162
259595163
259595164
259595165
259595166
259595167
259595168
259595169
259595170
259595171
259595172
357016554
382929962
382929963
382929964
382929965
382929967
382929972
382929973
382929974
382929975
382929978
382929980
382929966
382929968
382929969
382929970
382929971
382929977
382929976
382929979
382929981
382929982
399138449
399138450
399138451
399138452
399138453
399138454
399138455
399138456
399138457
399138458
399138459
399138460
399138461
399138462
399138464
399138465
399138466
399138467
399138468
399138469
399138470
399138471
399138472
399138475
399138476
399138477
399138478
399138479
399138480
399138481
399138482
399138483
399138484
399138485
399138486
399138487
399138488
399138489
399138490
5881947
58866264
5918255
61189611
61189612
61189613
61189615
61189618
61189619
76262918
76262921
76262922
76262924
76262925
76262948
76262953
76262955
94448678
94448679
94448680
94448681
94448682
94448683
94448684
94448685
94448686
94448687
94448689
94448690
94448691
94448692
94448693
94448694
94448695
94448696
94448698
94448699
94448700
94448701
94448702
94448703
94448706
94448707
94448708
94448709
94448710
94448711
94448712
94448713
94448714
94448715
94448716
94448717
94448718
94448719
94448720
94448721
94448722
94448723
94448724
94448725
94448726
94448727
94448728
94448729
94448730
94448731
94448732
94448733
94448734
94448735
94448736
94448737
94448738
94448739
94448740
94448741
94448742
94448743
94448744
94448745
94448746
94448747
94448748
94448749
94448750
94448752
94448753
94448754
94448755
94448756
94448757
94448758
94448759
94448760
94448761
94448762
94448763
94448764
94448765
94448766
94448767
94448768
94448769
94448770
94448771
94448772
94448773
94448774
94448775
94448776
94448778
94448779
94448780
94448781
94448782
94448783
94448866
94448887
94448892
94448895
94448900
94448901
94448903
9844645
90265741
90265742
90265743
90265744
90265745
90265746
90265747
90265748
90265749
90265751
90265752
90265753
90265756
90265757
90265759
302190032
302190033
302190034
302190035
302190036
302190037
302190046
302190047
302190048
302190049
302190050
302190051
302190052
302190053
302190054
305633015
332372057
302190038
302190039
302190040
302190041
302190042
302190043
302190044
302190045
302190055
302190056
302190057
302190058
302190059
302190060
302190061
332371490
332371498
332371499
332371503
332372037
302190062
302190063
302190064
302190065
302190066
302190067
302190068
302190069
302190070
302190071
302190072
302190073
302190074
302190075
302190076
305633014
332371488
332371489
332371491
332371492
332371493
333776985
332371494
332371495
332371496
332371497
332371500
332371501
332371502
332371504
332371505
332371506
332371507
332371508
332371509
332371510
332371511
332371512
332371513
332371514
332371515
332371516
332371517
332371518
333776986
332371519
332371520
332371521
332371522
332371523
332371524
332371525
332371526
332371527
333776988
332371528
332371529
332371530
332371531
332371532
332371533
332371534
332371535
332372038
332372039
332372040
332372041
332372042
332372043
332372044
332372045
332372046
332372047
332372048
332372049
332372050
332372051
332372052
332372053
332372054
332372055
332372056
333776987
9754938
9754940
27497055
27497056
27497057
16923436
3282046
3282047
5881948
9757428
5918257
5918303
5918304
9757429
9844695
9844700
9844705
9844710
9844715
9844881
9844886
9844895
9844900
9844735
22022949
22022950
22022951
22022952
22022955
22022963
94448677
94448688
94448889
94448890
94448891
94448893
187469929
187469930
50428761
56715063
56715065
56715066
56715067
56715068
56715069
56715070
56715071
56715072
58866262
58866263
58866269
74100297
75755723
75755724
75755725
75755726
75755727
75755728
75755729
75755730
75755731
75755732
75755733
75755734
75755735
75755736
75755737
75755738
75755739
75755740
75755741
75755742
75755743
75755744
75755745
75755746
75755747
75755748
75755749
75755750
75755751
75755752
76262914
76262923
76262926
76262927
76262928
76262931
76262932
76262933
76262940
76262941
76262942
76262943
76262944
76262946
76262947
76262949
76262954
110808566
118412469
118412470
118412471
118412472
118412473
118412474
129278864
150010961
150010962
150010963
157272518
157272519
157272520
157272521
157272522
157272523
157272524
184202720
184202725
184202726
189182605
189182606
189182607
189182612
189182613
189182618
189182622
189182623
189182624
189182625
189182626
189182627
189182628
189182629
189182630
189182636
189182631
189182632
189182633
189182634
189182635
189182637
189182638
189182640
189182641
189182642
189182646
189182651
189182652
189182653
189182656
189182657
189182658
189182659
189182660
189182661
189182662
189182663
189182664
189182665
189182666
189182667
189182668
189182669
189182670
189182680
189182681
189182671
189182675
189182676
189182677
189182678
189182679
195971752
203284914
203284915
203284916
209361080
217416639
217416645
209972135
209972136
222137342
222137343
386805027
255653885
257792855
257792856
257792857
282895861
282895862
282895863
282895864
282895865
282895866
282895867
282895868
282895869
282895870
282895871
282895872
282895873
282895874
282895875
282895876
282895877
282895878
282895879
282895880
282895881
282895882
282895883
282895884
282895885
282895886
282895887
282895888
282895889
282895890
282895891
282895892
282895893
282895894
282895895
282895896
314998619
314998620
314998621
314998622
314998623
314998624
314998625
299882805
305431235
305431236
305431237
305431238
305431239
305431240
305431241
305431242
305431243
305431244
305431245
305431246
305431247
305431248
305431251
305431252
305431253
305431254
305431255
305431257
305431258
305431260
305431261
305431262
305431263
305431264
305431265
305431266
305431267
305431268
305431269
305431270
305431271
305431272
305431273
305431274
305431276
305431277
305431278
305431279
305431280
305431283
305431284
305431285
305431286
305431287
305431288
305431289
305431290
305431292
305431293
305431294
305431295
305431296
305431300
305431301
305431302
305431303
305431304
305431305
305431311
305431314
336020280
375005035
375005036
375005037
375005039
375005047
375005048
375005050
375005056
375005058
375005060
375005038
375005040
375005041
375005042
375005043
375005044
375005045
375005046
375005049
375005057
375005059
375005051
375005052
375005053
375005054
375005055
375005063
375005061
375005062
375005064
375005065
382929965
382929967
382929972
382929973
382929974
382929975
382929978
382929980
382929970
382929971
382929977
365223045
365223046
365223048
365223049
365223050
365223051
365223052
365223053
365223054
365223055
365223056
365223057
365223058
365223059
365223060
365223061
365223063
365223066
365223073
365223074
365223075
365223076
365223079
365223082
365223083
365223084
365223088
365223091
365223092
365223093
365223094
365223095
365223096
365223098
365223099
365223100
365223101
365223102
365223103
365223104
365223105
365223106
365223107
365223108
365223109
365223110
365223113
365223115
365223117
365223118
365223121
365223122
365223133
365223134
365223135
365223136
365223137
365223140
365223141
365223142
365223143
365223144
365223145
365223146
365223147
365223148
365223149
365223150
365223151
365223156
365223157
365223158
365223159
365223160
365223161
365223162
365223163
379046955
379046956
379046961
379046962
379046957
379046958
379046959
379046960
379046963
379046964
379046965
379046966
357016529
357016530
357016532
357016533
357016543
357016544
357016550
357016572
357016573
357016574
357016575
357016576
357016577
401687110
401687112
401687113
399138463
399138473
399138474
392508350
392508351
392508352
392508363
392508365
392508369
392508370
392508382
392508384
392508393
392508403
392508408
392508409
392508417
392508418
392508419
392508423
392508425
392508429
392508430
392508431
392508432
392508441
392508445
392508450
392508451
392508457
392508353
392508354
392508355
392508356
392508357
392508358
392508364
392508366
392508367
392508368
392508374
392508375
392508376
392508377
392508378
392508379
392508380
392508381
392508383
392508385
392508386
392508388
392508389
392508390
392508391
392508392
392508395
392508396
392508397
392508398
392508399
392508405
392508407
392508410
392508411
392508412
392508413
392508414
392508415
392508416
392508421
392508426
392508427
392508428
392508435
392508436
392508437
392508438
392508440
392508442
392508443
392508447
392508449
392508454
392508455
392508456
392508458
392508459
392508460
392508462
392508463
392508467
392508468
392508360
392508361
392508362
392508371
392508444
392508446
392508461
392508372
392508373
392508387
392508394
392508400
392508422
392508448
392508453
392508464
392508401
392508402
392508404
392508406
392508420
392508424
392508433
392508434
392508439
392508452
392508465
400189779
407232374
