55650727
55650826
55650829
55650832
55650835
55650844
55650847
186463002
428256439
82470928
82470931
82470934
82470937
82470940
82470943
82470946
82470949
82470952
82470955
82470958
82470961
82470964
82470967
82470970
82470973
82470976
82470979
82470982
82470985
82470988
82470991
82470994
82470997
82471000
82471003
82471006
82471009
82471015
82471018
82471021
82471024
82471027
82471030
82471033
82471036
82471048
82471057
82471060
82471063
82471066
82471069
82471072
82471075
82471078
82471081
82471084
82471087
82471090
82471093
82471096
82471099
82471102
82779933
82779935
82779936
82779937
82779938
82779939
82779940
82779941
82779942
82779943
82779944
82779945
82779946
82779947
82779948
82779949
82779950
82779951
82779952
82779953
82779954
82779955
82779956
82779957
82779959
82779961
82779964
82779967
82779968
82779969
82779970
82779971
82779972
82779973
82779974
82779975
119690755
119690758
119690761
119690764
119690767
119690770
119690773
119690776
119690785
119690788
119690791
119690794
119690797
119690800
119690803
119690806
119690809
119690812
119690815
119690818
119690821
119690827
119690833
119690839
119690842
119690845
119690850
119690853
119690856
119690859
119690862
119690865
119690871
119690874
119690877
119690880
119690883
119690886
119690889
119690892
119690895
119690898
119690901
119690904
119690907
119690910
190147518
190147520
190147522
205278404
205278407
205278410
205278413
205278416
205278419
205278422
205278425
205278428
205278431
205278434
205278437
205278440
205278443
205278449
205278452
205278455
205278458
205278461
205278464
205278467
205278470
205278473
205278476
205278479
205278482
205278488
205278491
205278494
205278497
205278500
205278503
205278506
205278509
205278512
205278518
205278521
205278524
205278527
205278530
205278533
205278536
205278539
205278542
205278545
205278548
205278551
205278554
205278557
205278560
205278563
205278566
205278569
205278572
205278575
205278578
205278581
205278587
205278590
205278593
205278596
205278599
205278602
205278605
205278608
205278611
205278614
241913791
241913794
344190129
344190130
410946825
410946840
442540251
442540254
442540257
442540260
442540263
442540266
442540269
442540272
442540275
442540278
442540281
442540284
442540287
442540290
442540293
442540296
442540299
442540302
442540305
442540308
442540311
453194119
455475860
455475863
455475866
455475869
455475872
455475875
455475878
455475881
455475884
455475887
455475890
455475893
455475896
455475899
455475902
455475905
455475908
455475911
455475914
455475917
455475920
455475923
455475926
455475929
455475932
455475935
455475938
455475941
455475944
455475947
455475953
455475956
455475959
455475962
455475968
455475971
455475977
455475983
455475986
455475989
455475992
455475995
455475998
455476001
455476004
455476007
455476010
455476013
455476016
455476019
455476022
455476025
455476028
455476031
455476034
455476037
455476040
455476043
455476046
455476049
455476052
455476055
455476058
455476061
455476064
455476067
455476070
455476073
455476076
455476079
455476082
455476085
455476088
455476091
455476094
455476097
455476100
455476103
455476106
455476109
455476112
455476115
455476118
455476121
455476124
455476127
455476130
455476133
455476136
455476139
455476142
455476145
455476148
455476151
455476154
455476157
455476160
455476163
455476166
455476169
455476172
455476175
455476178
455476181
455476184
455476187
455476190
455476193
455476196
455476199
455476202
455476205
455476208
455476211
455476214
455476217
455476220
455476223
455476226
455476229
455476232
455476235
455476238
455476241
455476244
455476247
455476250
455476253
455476256
455476259
455476262
455476265
455476268
455476271
455476274
455476277
455476280
455476283
455476286
455476289
455476292
455476295
455476298
455476301
455476304
455476307
455476310
455476313
455476316
455476319
455476322
455476325
455476328
455476331
455476334
455476337
455476340
455476343
455476346
455476349
455476352
455476355
455476358
455476361
455476364
455476367
455476370
455476373
455476376
455476379
455476382
455476385
455476388
455476391
455476394
455476397
455476400
455476403
455476406
455476409
455476412
455476415
455476418
455476421
455476424
455476427
455476430
455476433
455476436
455476439
455476442
455476448
455476451
455476454
455476457
455476460
455476463
455476466
455476469
455476472
455476475
455476478
455476481
455476484
455476487
455476490
455476493
455476496
455476499
455476502
455476505
455476508
455476511
455476514
455476517
455476520
455476523
455476526
455476529
455476532
455476535
455476538
455476541
455476544
455476547
455476553
455476559
455476565
455476568
455476571
455476574
455476577
455476580
455476583
455476586
455476589
455476592
455476598
455476601
455476604
455476607
455476613
455476616
455476619
455476628
455476631
455476634
455476637
455476640
455476643
455476646
455476649
455476652
2463311
2463314
2463317
2463296
2463302
