gi|666667398|gb|KM006021.1|	760	KM006021	760	100.00	760	0	0	1	760	1	1	760	1	0.0	1404
gi|666667398|gb|KM006021.1|	760	KM006020	760	100.00	760	0	0	1	760	1	1	760	1	0.0	1404
gi|666667398|gb|KM006021.1|	760	KM006018	760	100.00	760	0	0	1	760	1	1	760	1	0.0	1404
gi|666667398|gb|KM006021.1|	760	KM006013	760	100.00	760	0	0	1	760	1	1	760	1	0.0	1404
gi|666667398|gb|KM006021.1|	760	KM006010	760	100.00	760	0	0	1	760	1	1	760	1	0.0	1404
gi|666667398|gb|KM006021.1|	760	KM006008	760	100.00	760	0	0	1	760	1	1	760	1	0.0	1404
gi|666667398|gb|KM006021.1|	760	KM006007	760	100.00	760	0	0	1	760	1	1	760	1	0.0	1404
gi|666667398|gb|KM006021.1|	760	KM006009	760	99.87	760	1	0	1	760	1	1	760	1	0.0	1400
gi|666667398|gb|KM006021.1|	760	KM006016	709	99.58	709	3	0	52	760	1	1	709	1	0.0	1299
gi|666667398|gb|KM006021.1|	760	KM006015	709	99.72	709	2	0	52	760	1	1	709	1	0.0	1299
gi|666667398|gb|KM006021.1|	760	DQ185312	791	91.46	761	61	4	1	760	1	7	764	1	0.0	1042
gi|666667398|gb|KM006021.1|	760	DQ185289	793	91.34	762	61	4	1	760	1	7	765	1	0.0	1037
gi|666667398|gb|KM006021.1|	760	DQ185292	793	91.21	762	62	4	1	760	1	7	765	1	0.0	1033
gi|666667398|gb|KM006021.1|	760	EU877479	824	91.05	760	66	2	1	760	1	2	759	1	0.0	1026
gi|666667398|gb|KM006021.1|	760	EU877471	806	91.05	760	66	2	1	760	1	11	768	1	0.0	1026
gi|666667398|gb|KM006021.1|	760	DQ185285	791	91.05	760	64	4	1	759	1	7	763	1	0.0	1024
gi|666667398|gb|KM006021.1|	760	DQ185260	791	91.05	760	64	4	1	759	1	7	763	1	0.0	1024
gi|666667398|gb|KM006021.1|	760	DQ185284	791	91.05	760	64	4	1	759	1	7	763	1	0.0	1024
gi|666667398|gb|KM006021.1|	760	EF102344	758	91.21	751	62	4	1	750	1	11	758	1	0.0	1018
gi|666667398|gb|KM006021.1|	760	EF102341	757	91.21	751	62	4	1	750	1	10	757	1	0.0	1018
gi|666667398|gb|KM006021.1|	760	EF102340	751	91.21	751	62	4	1	750	1	4	751	1	0.0	1018
gi|666667398|gb|KM006021.1|	760	EF102328	760	91.21	751	62	4	1	750	1	13	760	1	0.0	1018
gi|666667398|gb|KM006021.1|	760	EF102327	758	91.21	751	62	4	1	750	1	11	758	1	0.0	1018
gi|666667398|gb|KM006021.1|	760	DQ185306	766	90.79	760	66	4	1	759	1	7	763	1	0.0	1016
gi|666667398|gb|KM006021.1|	760	KM006019	764	90.77	769	57	11	1	760	1	1	764	1	0.0	1014
gi|666667398|gb|KM006021.1|	760	KM006017	764	90.77	769	57	11	1	760	1	1	764	1	0.0	1014
gi|666667398|gb|KM006021.1|	760	EU877489	803	90.79	760	68	2	1	760	1	11	768	1	0.0	1014
gi|666667398|gb|KM006021.1|	760	EF102342	754	90.95	751	64	4	1	750	1	7	754	1	0.0	1014
gi|666667398|gb|KM006021.1|	760	EU877478	800	91.07	750	65	2	1	750	1	11	758	1	0.0	1013
gi|666667398|gb|KM006021.1|	760	EF102345	761	91.08	751	63	4	1	750	1	14	761	1	0.0	1013
gi|666667398|gb|KM006021.1|	760	KM006014	764	90.64	769	58	11	1	760	1	1	764	1	0.0	1009
gi|666667398|gb|KM006021.1|	760	KM006011	764	90.64	769	58	11	1	760	1	1	764	1	0.0	1009
gi|666667398|gb|KM006021.1|	760	EF102339	762	91.15	746	62	4	6	750	1	20	762	1	0.0	1009
gi|666667398|gb|KM006021.1|	760	DQ185269	792	90.67	761	67	4	1	760	1	7	764	1	0.0	1009
gi|666667398|gb|KM006021.1|	760	DQ185304	792	90.67	761	67	4	1	760	1	7	764	1	0.0	1009
gi|666667398|gb|KM006021.1|	760	KJ413214	808	90.66	760	67	4	1	759	1	10	766	1	0.0	1007
gi|666667398|gb|KM006021.1|	760	KJ413215	808	90.66	760	67	4	1	759	1	10	766	1	0.0	1007
gi|666667398|gb|KM006021.1|	760	EU877475	757	90.65	759	69	2	2	760	1	1	757	1	0.0	1007
gi|666667398|gb|KM006021.1|	760	KM006012	764	90.51	769	59	11	1	760	1	1	764	1	0.0	1003
gi|666667398|gb|KM006021.1|	760	DQ266036	812	90.54	761	68	3	1	760	1	14	771	1	0.0	1003
gi|666667398|gb|KM006021.1|	760	DQ185261	792	90.54	761	68	4	1	760	1	7	764	1	0.0	1003
gi|666667398|gb|KM006021.1|	760	DQ185262	792	90.54	761	68	4	1	760	1	7	764	1	0.0	1003
gi|666667398|gb|KM006021.1|	760	Z94890	818	90.53	760	68	4	1	759	1	20	776	1	0.0	1002
gi|666667398|gb|KM006021.1|	760	EF102331	754	90.41	751	68	4	1	750	1	7	754	1	0.0	1000
gi|666667398|gb|KM006021.1|	760	EU877472	749	90.97	742	65	2	19	760	1	10	749	1	0.0	 998
gi|666667398|gb|KM006021.1|	760	EU877468	755	90.69	752	66	4	2	752	1	1	749	1	0.0	 998
gi|666667398|gb|KM006021.1|	760	DQ185305	792	90.41	761	69	4	1	760	1	7	764	1	0.0	 998
gi|666667398|gb|KM006021.1|	760	Z94893	818	90.41	761	69	4	1	760	1	19	776	1	0.0	 998
gi|666667398|gb|KM006021.1|	760	EU877461	752	90.79	749	64	5	5	752	1	1	745	1	0.0	 996
gi|666667398|gb|KM006021.1|	760	EF102343	754	90.93	739	63	4	13	750	1	19	754	1	0.0	 994
gi|666667398|gb|KM006021.1|	760	DQ185265	792	90.28	761	70	4	1	760	1	7	764	1	0.0	 992
gi|666667398|gb|KM006021.1|	760	EU877486	768	90.12	759	73	2	1	759	1	11	767	1	0.0	 990
gi|666667398|gb|KM006021.1|	760	DQ266013	820	90.09	767	68	5	1	760	1	14	779	1	0.0	 989
gi|666667398|gb|KM006021.1|	760	EF102330	731	91.01	734	62	4	18	750	1	1	731	1	0.0	 987
gi|666667398|gb|KM006021.1|	760	EU877488	746	90.55	751	60	10	2	752	1	1	740	1	0.0	 983
gi|666667398|gb|KM006021.1|	760	EF102301	733	90.22	736	68	4	16	750	1	1	733	1	0.0	 983
gi|666667398|gb|KM006021.1|	760	DQ266007	813	90.03	762	71	4	1	760	1	14	772	1	0.0	 981
gi|666667398|gb|KM006021.1|	760	DQ266021	806	90.03	752	66	8	1	752	1	14	756	1	0.0	 965
gi|666667398|gb|KM006021.1|	760	EF102332	727	90.27	730	67	4	22	750	1	1	727	1	0.0	 963
gi|666667398|gb|KM006021.1|	760	DQ266022	814	89.66	754	73	4	1	752	1	14	764	1	0.0	 955
gi|666667398|gb|KM006021.1|	760	KM006006	725	90.41	730	56	11	40	760	1	1	725	1	0.0	 948
gi|666667398|gb|KM006021.1|	760	EF102338	633	90.22	634	58	4	118	750	1	3	633	1	0.0	 826
gi|666667398|gb|KM006021.1|	760	AJ783696	865	86.50	726	92	6	1	723	1	36	758	1	0.0	 793
gi|666667398|gb|KM006021.1|	760	AJ783694	928	85.83	727	97	6	1	724	1	58	781	1	0.0	 767
gi|666667398|gb|KM006021.1|	760	KF142706	510	93.60	516	25	5	125	638	1	1	510	1	0.0	 763
gi|666667398|gb|KM006021.1|	760	AJ783691	863	85.81	726	96	7	1	723	1	9	730	1	0.0	 763
gi|666667398|gb|KM006021.1|	760	KM006026	857	98.38	432	7	0	329	760	1	426	857	1	0.0	 760
gi|666667398|gb|KM006021.1|	760	KM006023	857	98.38	432	7	0	329	760	1	426	857	1	0.0	 760
gi|666667398|gb|KM006021.1|	760	KM006005	879	98.38	432	7	0	329	760	1	448	879	1	0.0	 760
gi|666667398|gb|KM006021.1|	760	KM006001	808	98.38	432	7	0	329	760	1	377	808	1	0.0	 760
gi|666667398|gb|KM006021.1|	760	KM005998	808	98.38	432	7	0	329	760	1	377	808	1	0.0	 760
gi|666667398|gb|KM006021.1|	760	AJ783695	913	85.67	726	98	6	1	723	1	58	780	1	0.0	 760
gi|666667398|gb|KM006021.1|	760	KF142707	506	93.55	512	25	5	125	634	1	1	506	1	0.0	 756
gi|666667398|gb|KM006021.1|	760	KM006022	857	98.15	432	8	0	329	760	1	426	857	1	0.0	 754
gi|666667398|gb|KM006021.1|	760	KM006003	799	98.15	432	8	0	329	760	1	368	799	1	0.0	 754
gi|666667398|gb|KM006021.1|	760	KM006002	808	98.15	432	8	0	329	760	1	377	808	1	0.0	 754
gi|666667398|gb|KM006021.1|	760	KM006000	808	98.15	432	8	0	329	760	1	377	808	1	0.0	 754
gi|666667398|gb|KM006021.1|	760	KM005999	808	98.15	432	8	0	329	760	1	377	808	1	0.0	 754
gi|666667398|gb|KM006021.1|	760	KM005997	808	98.15	432	8	0	329	760	1	377	808	1	0.0	 754
gi|666667398|gb|KM006021.1|	760	KM005996	808	98.15	432	8	0	329	760	1	377	808	1	0.0	 754
gi|666667398|gb|KM006021.1|	760	KC437907	555	92.93	523	30	5	238	760	1	1	516	1	0.0	 754
gi|666667398|gb|KM006021.1|	760	KC437908	555	92.93	523	30	5	238	760	1	1	516	1	0.0	 754
gi|666667398|gb|KM006021.1|	760	AJ783686	884	85.56	727	98	7	1	724	1	8	730	1	0.0	 754
gi|666667398|gb|KM006021.1|	760	AJ783685	928	85.56	727	98	7	1	724	1	52	774	1	0.0	 754
gi|666667398|gb|KM006021.1|	760	AJ783684	928	85.56	727	98	7	1	724	1	52	774	1	0.0	 754
gi|666667398|gb|KM006021.1|	760	AJ783682	928	85.56	727	98	7	1	724	1	52	774	1	0.0	 754
gi|666667398|gb|KM006021.1|	760	AJ783679	889	85.56	727	98	7	1	724	1	13	735	1	0.0	 754
gi|666667398|gb|KM006021.1|	760	AJ783678	934	85.56	727	98	7	1	724	1	58	780	1	0.0	 754
gi|666667398|gb|KM006021.1|	760	AJ783677	883	85.56	727	98	7	1	724	1	7	729	1	0.0	 754
gi|666667398|gb|KM006021.1|	760	AJ783675	883	85.56	727	98	7	1	724	1	7	729	1	0.0	 754
gi|666667398|gb|KM006021.1|	760	AJ783702	925	85.79	711	99	2	1	710	1	51	760	1	0.0	 752
gi|666667398|gb|KM006021.1|	760	AJ783698	907	85.54	726	98	7	1	723	1	52	773	1	0.0	 752
gi|666667398|gb|KM006021.1|	760	CP007203	5462271	85.42	727	99	7	1	724	1	2608003	2607281	1	0.0	 749
gi|666667398|gb|KM006021.1|	760	DQ185288	822	85.75	709	99	2	3	710	1	1	708	1	0.0	 749
gi|666667398|gb|KM006021.1|	760	AJ783683	928	85.42	727	99	7	1	724	1	52	774	1	0.0	 749
gi|666667398|gb|KM006021.1|	760	AJ783681	890	85.42	727	99	7	1	724	1	14	736	1	0.0	 749
gi|666667398|gb|KM006021.1|	760	AJ783680	884	85.42	727	99	7	1	724	1	8	730	1	0.0	 749
gi|666667398|gb|KM006021.1|	760	AJ783676	883	85.42	727	99	7	1	724	1	7	729	1	0.0	 749
gi|666667398|gb|KM006021.1|	760	KF142705	504	93.32	509	28	6	125	632	1	1	504	1	0.0	 747
gi|666667398|gb|KM006021.1|	760	AJ783697	866	85.26	726	101	6	1	723	1	36	758	1	0.0	 743
gi|666667398|gb|KM006021.1|	760	HM241947	915	85.13	713	99	7	1	710	1	62	770	1	0.0	 723
gi|666667398|gb|KM006021.1|	760	DQ185302	732	85.65	690	93	6	37	723	1	10	696	1	0.0	 721
gi|666667398|gb|KM006021.1|	760	KM006004	839	98.28	407	7	0	329	735	1	433	839	1	0.0	 713
gi|666667398|gb|KM006021.1|	760	KF142708	467	93.22	472	27	5	161	632	1	1	467	1	0.0	 689
gi|666667398|gb|KM006021.1|	760	KM006025	601	95.37	432	20	0	329	760	1	170	601	1	0.0	 688
gi|666667398|gb|KM006021.1|	760	AJ783701	909	83.93	728	107	10	1	723	1	52	774	1	0.0	 688
gi|666667398|gb|KM006021.1|	760	DQ185291	824	95.14	432	21	0	329	760	1	365	796	1	0.0	 682
gi|666667398|gb|KM006021.1|	760	KC437672	559	94.74	437	22	1	325	760	1	85	521	1	0.0	 678
gi|666667398|gb|KM006021.1|	760	KC437711	559	94.74	437	22	1	325	760	1	85	521	1	0.0	 678
gi|666667398|gb|KM006021.1|	760	KC437745	559	94.72	436	22	1	325	759	1	85	520	1	0.0	 676
gi|666667398|gb|KM006021.1|	760	KC437746	559	94.72	436	22	1	325	759	1	85	520	1	0.0	 676
gi|666667398|gb|KM006021.1|	760	EU877493	888	94.91	432	22	0	329	760	1	369	800	1	0.0	 676
gi|666667398|gb|KM006021.1|	760	AJ783700	864	83.65	728	109	10	1	723	1	7	729	1	0.0	 676
gi|666667398|gb|KM006021.1|	760	KC437826	560	94.51	437	23	1	325	760	1	85	521	1	0.0	 673
gi|666667398|gb|KM006021.1|	760	KC437676	559	94.51	437	23	1	325	760	1	85	521	1	0.0	 673
gi|666667398|gb|KM006021.1|	760	KC437771	559	94.51	437	23	1	325	760	1	85	521	1	0.0	 673
gi|666667398|gb|KM006021.1|	760	KC437655	559	94.51	437	23	1	325	760	1	85	521	1	0.0	 673
gi|666667398|gb|KM006021.1|	760	KC437656	559	94.51	437	23	1	325	760	1	85	521	1	0.0	 673
gi|666667398|gb|KM006021.1|	760	KC437706	559	94.50	436	23	1	325	759	1	85	520	1	0.0	 671
gi|666667398|gb|KM006021.1|	760	KC437709	559	94.50	436	23	1	325	759	1	85	520	1	0.0	 671
gi|666667398|gb|KM006021.1|	760	AJ632063	867	94.68	432	23	0	329	760	1	373	804	1	0.0	 671
gi|666667398|gb|KM006021.1|	760	KM006028	857	94.66	431	23	0	329	759	1	426	856	1	0.0	 669
gi|666667398|gb|KM006021.1|	760	KM006027	857	94.66	431	23	0	329	759	1	426	856	1	0.0	 669
gi|666667398|gb|KM006021.1|	760	KM006024	857	94.66	431	23	0	329	759	1	426	856	1	0.0	 669
gi|666667398|gb|KM006021.1|	760	KC437911	560	95.05	424	21	0	329	752	1	90	513	1	0.0	 667
gi|666667398|gb|KM006021.1|	760	KC437665	559	94.28	437	24	1	325	760	1	85	521	1	0.0	 667
gi|666667398|gb|KM006021.1|	760	KC437666	559	94.28	437	24	1	325	760	1	85	521	1	0.0	 667
gi|666667398|gb|KM006021.1|	760	DQ185275	824	95.05	424	21	0	329	752	1	365	788	1	0.0	 667
gi|666667398|gb|KM006021.1|	760	KC437699	637	94.27	436	24	1	325	759	1	163	598	1	0.0	 665
gi|666667398|gb|KM006021.1|	760	KC437707	637	94.27	436	24	1	325	759	1	163	598	1	0.0	 665
gi|666667398|gb|KM006021.1|	760	EU877494	782	94.44	432	24	0	329	760	1	351	782	1	0.0	 665
gi|666667398|gb|KM006021.1|	760	EU877469	874	94.44	432	24	0	329	760	1	369	800	1	0.0	 665
gi|666667398|gb|KM006021.1|	760	DQ266003	982	94.44	432	24	0	329	760	1	510	941	1	0.0	 665
gi|666667398|gb|KM006021.1|	760	EU877464	820	94.05	437	25	1	325	760	1	384	820	1	0.0	 662
gi|666667398|gb|KM006021.1|	760	DQ266041	932	94.21	432	25	0	329	760	1	460	891	1	0.0	 660
gi|666667398|gb|KM006021.1|	760	DQ266010	932	94.21	432	25	0	329	760	1	460	891	1	0.0	 660
gi|666667398|gb|KM006021.1|	760	DQ266006	831	94.21	432	25	0	329	760	1	359	790	1	0.0	 660
gi|666667398|gb|KM006021.1|	760	DQ266004	932	94.21	432	25	0	329	760	1	460	891	1	0.0	 660
gi|666667398|gb|KM006021.1|	760	AJ783699	904	83.24	728	112	10	1	723	1	13	735	1	0.0	 660
gi|666667398|gb|KM006021.1|	760	DQ266011	933	94.58	424	23	0	329	752	1	460	883	1	0.0	 656
gi|666667398|gb|KM006021.1|	760	KJ413201	840	93.98	432	26	0	329	760	1	368	799	1	0.0	 654
gi|666667398|gb|KM006021.1|	760	KJ413202	840	93.98	432	26	0	329	760	1	368	799	1	0.0	 654
gi|666667398|gb|KM006021.1|	760	KC437843	722	93.98	432	26	0	329	760	1	252	683	1	0.0	 654
gi|666667398|gb|KM006021.1|	760	KC437857	722	93.98	432	26	0	329	760	1	252	683	1	0.0	 654
gi|666667398|gb|KM006021.1|	760	DQ266031	796	93.98	432	26	0	329	760	1	325	756	1	0.0	 654
gi|666667398|gb|KM006021.1|	760	DQ185293	954	93.98	432	26	0	329	760	1	495	926	1	0.0	 654
gi|666667398|gb|KM006021.1|	760	AJ632064	867	93.98	432	26	0	329	760	1	373	804	1	0.0	 654
gi|666667398|gb|KM006021.1|	760	DQ266042	931	93.98	432	25	1	329	760	1	460	890	1	0.0	 652
gi|666667398|gb|KM006021.1|	760	CP001037	8234322	93.59	437	27	1	325	760	1	5265189	5265625	1	0.0	 651
gi|666667398|gb|KM006021.1|	760	DQ266014	934	94.34	424	24	0	329	752	1	461	884	1	0.0	 651
gi|666667398|gb|KM006021.1|	760	DQ185316	869	93.59	437	27	1	325	760	1	405	841	1	0.0	 651
gi|666667398|gb|KM006021.1|	760	DQ185268	869	93.59	437	27	1	325	760	1	405	841	1	0.0	 651
gi|666667398|gb|KM006021.1|	760	KC437909	693	93.75	432	27	0	329	760	1	223	654	1	0.0	 649
gi|666667398|gb|KM006021.1|	760	KC437842	553	93.75	432	27	0	329	760	1	83	514	1	0.0	 649
gi|666667398|gb|KM006021.1|	760	KC437844	553	93.75	432	27	0	329	760	1	83	514	1	0.0	 649
gi|666667398|gb|KM006021.1|	760	DQ266017	931	93.75	432	27	0	329	760	1	459	890	1	0.0	 649
gi|666667398|gb|KM006021.1|	760	EF102325	918	94.31	422	24	0	329	750	1	497	918	1	0.0	 647
gi|666667398|gb|KM006021.1|	760	EF102324	928	94.31	422	24	0	329	750	1	507	928	1	0.0	 647
gi|666667398|gb|KM006021.1|	760	EF102319	933	94.31	422	24	0	329	750	1	512	933	1	0.0	 647
gi|666667398|gb|KM006021.1|	760	EF102310	933	94.31	422	24	0	329	750	1	512	933	1	0.0	 647
gi|666667398|gb|KM006021.1|	760	EF102309	918	94.31	422	24	0	329	750	1	497	918	1	0.0	 647
gi|666667398|gb|KM006021.1|	760	EF102308	927	94.31	422	24	0	329	750	1	506	927	1	0.0	 647
gi|666667398|gb|KM006021.1|	760	EF102306	928	94.31	422	24	0	329	750	1	507	928	1	0.0	 647
gi|666667398|gb|KM006021.1|	760	EF102299	829	94.31	422	24	0	329	750	1	408	829	1	0.0	 647
gi|666667398|gb|KM006021.1|	760	EF102297	918	94.31	422	24	0	329	750	1	497	918	1	0.0	 647
gi|666667398|gb|KM006021.1|	760	EF102296	894	94.31	422	24	0	329	750	1	473	894	1	0.0	 647
gi|666667398|gb|KM006021.1|	760	DQ266020	978	93.76	433	24	3	329	759	1	505	936	1	0.0	 647
gi|666667398|gb|KM006021.1|	760	EU877521	830	93.36	437	28	1	325	760	1	394	830	1	0.0	 645
gi|666667398|gb|KM006021.1|	760	EU877476	789	93.36	437	28	1	325	760	1	353	789	1	0.0	 645
gi|666667398|gb|KM006021.1|	760	KC437900	591	93.52	432	28	0	329	760	1	122	553	1	0.0	 643
gi|666667398|gb|KM006021.1|	760	KC437873	592	93.52	432	28	0	329	760	1	122	553	1	0.0	 643
gi|666667398|gb|KM006021.1|	760	KC437661	562	93.52	432	28	0	329	760	1	92	523	1	0.0	 643
gi|666667398|gb|KM006021.1|	760	KC437662	562	93.52	432	28	0	329	760	1	92	523	1	0.0	 643
gi|666667398|gb|KM006021.1|	760	KC437651	562	93.52	432	28	0	329	760	1	92	523	1	0.0	 643
gi|666667398|gb|KM006021.1|	760	KC437652	562	93.52	432	28	0	329	760	1	92	523	1	0.0	 643
gi|666667398|gb|KM006021.1|	760	EU877529	787	93.52	432	28	0	329	760	1	356	787	1	0.0	 643
gi|666667398|gb|KM006021.1|	760	EU877463	890	93.29	432	29	0	329	760	1	459	890	1	0.0	 643
gi|666667398|gb|KM006021.1|	760	DQ266016	932	93.52	432	28	0	329	760	1	460	891	1	0.0	 643
gi|666667398|gb|KM006021.1|	760	DQ266015	914	93.52	432	28	0	329	760	1	442	873	1	0.0	 643
gi|666667398|gb|KM006021.1|	760	DQ266012	891	93.52	432	28	0	329	760	1	419	850	1	0.0	 643
gi|666667398|gb|KM006021.1|	760	DQ266009	932	93.52	432	28	0	329	760	1	460	891	1	0.0	 643
gi|666667398|gb|KM006021.1|	760	DQ266002	969	93.52	432	28	0	329	760	1	497	928	1	0.0	 643
gi|666667398|gb|KM006021.1|	760	DQ185286	830	93.52	432	28	0	329	760	1	371	802	1	0.0	 643
